

Testing

 [[[401 280]]

 [[425 280]]]

Testing

 [[[394 327]]

 [[396 327]]]

Testing

 [[[  0 418]]

 [[ 50 420]]

 [[ 38 459]]

 [[ 50 420]]]

Testing

 [[[468 141]]

 [[469 146]]]

Testing

 [[[ 54 417]]

 [[ 42 459]]]

Testing

 [[[208 298]]]

Testing

 [[[156 316]]]

Testing

 [[[442 121]]]

Testing

 [[[637 335]]

 [[637 459]]]

Testing

 [[[620 405]]

 [[639 403]]]

Testing

 [[[376 313]]

 [[386 314]]]

Testing

 [[[623 417]]

 [[623 419]]

 [[626 419]]

 [[625 417]]]

Testing

 [[[362 319]]

 [[374 319]]]

Testing

 [[[422 128]]

 [[423 132]]]

Testing

 [[[519 457]]

 [[528 459]]]

Testing

 [[[387 315]]

 [[411 316]]]

Testing

 [[[119 459]]]

Testing

 [[[556 385]]

 [[553 459]]]

Testing

 [[[450 384]]

 [[478 385]]]

Testing

 [[[428 154]]

 [[ 90 164]]

 [[ 97 321]]

 [[434 314]]]

Testing

 [[[632 389]]

 [[630 395]]]

Testing

 [[[428 148]]

 [[ 94 156]]

 [[ 95 316]]

 [[435 309]]]

Testing

 [[[125 310]]

 [[134 310]]]

Testing

 [[[620 446]]

 [[622 459]]]

Testing

 [[[614 421]]

 [[622 455]]]

Testing

 [[[398 297]]

 [[374 297]]]

Testing

 [[[367 304]]

 [[379 304]]]

Testing

 [[[434 307]]

 [[438 307]]]

Testing

 [[[325 321]]]

Testing

 [[[442 103]]

 [[444 105]]

 [[443 109]]

 [[444 105]]]

Testing

 [[[408 404]]

 [[407 405]]]

Testing

 [[[635 424]]

 [[629 453]]]

Testing

 [[[628 407]]

 [[632 459]]]

Testing

 [[[634 412]]

 [[630 459]]]

Testing

 [[[148 175]]]

Testing

 [[[126 300]]

 [[ 72 300]]]