

Testing

 [0.47650581401894276, -0.2372077225909933, 0.3652322161193613, 1.1924618836168361, 0.971943911926254, 0.7547999620437622]

 [0.4800698629013546, -0.2655786102151741, 0.3656023766582265, 1.2086026645063057, 0.9780690732371548, 0.7547999620437622]

Testing

 [0.47688964871284756, -0.2514838057094375, 0.3207771203694258, 1.2415376904582525, 0.9919102304679868, 0.7547999620437622]

 [0.47719546910861266, -0.25389662197710056, 0.32092257938894403, 1.2428518461063505, 0.9923011502834118, 0.7547999620437622]

Testing

 [0.41603610619254733, 0.19870655549609142, 0.16254203649966614, 1.0985727496769118, 1.002600473942964, 0.7547999620437622]

 [0.42410440366391255, 0.1354307999389003, 0.16900025884134937, 1.1324453848697569, 1.0083890282751427, 0.7547999620437622]

 [0.42204369814823506, 0.13894665826861138, 0.11303962243245105, 1.1741216966112995, 1.0431645165456702, 0.7547999620437622]

 [0.42410440366391255, 0.1354307999389003, 0.16900025884134937, 1.1324453848697569, 1.0083890282751427, 0.7547999620437622]

Testing

 [0.4812812409193619, -0.24440120728888914, 0.48487835296328463, 1.0818419012281557, 0.9377879783656934, 0.7547999620437622]

 [0.4816032976535675, -0.2481043180602643, 0.4804637463412086, 1.088158483993586, 0.9400572765043572, 0.7547999620437622]

Testing

 [0.42475574899626817, 0.13132525540220186, 0.173819082478446, 1.13118298203158, 1.0060126203258077, 0.7547999620437622]

 [0.4227048604093168, 0.13384817537304985, 0.11397432024378086, 1.176576389003869, 1.0432750643133792, 0.7547999620437622]

Testing

 [0.49681530841261795, -0.4209571108748407, 0.2833507012365305, 1.380173040829275, 1.03243526827382, 0.7547999620437622]

 [0.5022096223044007, -0.4792443928182247, 0.22637173205619152, 1.471753149210354, 1.0565684333804024, 0.7547999620437622]

Testing

 [0.4164095982261326, 0.2141739053570706, 0.242283363899459, 1.0272350746652354, 0.9486303526422252, 0.7547999620437622]

 [0.42702983825103097, 0.1299742311016535, 0.24610773292673832, 1.074888347469918, 0.9615276211710728, 0.7547999620437622]

 [0.4159360636835513, 0.19456351535475772, 0.1411827523747216, 1.1176810554836107, 1.0170567564342332, 0.7547999620437622]

 [0.4230354415398577, 0.1312989339252691, 0.11444166914944577, 1.1778037352001538, 1.0433303381972339, 0.7547999620437622]

 [0.4270304217221944, 0.1305969160920738, 0.24878981541417053, 1.0723852933829894, 0.9597730253491065, 0.7547999620437622]

Testing

 [0.44807602215072384, -0.01596490654932416, 0.34118935134261846, 1.0843619550699772, 0.9352748757989511, 0.7547999620437622]

Testing

 [0.44040944134735543, 0.03956632325020821, 0.3170386878117595, 1.0717046721797923, 0.9369711971606898, 0.7547999620437622]

Testing

 [0.4770634279756442, -0.2054414270557058, 0.5065844346029158, 1.0405967467464508, 0.9185216074056276, 0.7547999620437622]

Testing

 [0.4185112171976463, 0.21105852433804262, 0.30145037314064965, 0.9829143146538865, 0.9115535725248248, 0.7547999620437622]

 [0.41666970874952236, 0.22494580972453823, 0.2978175026243148, 0.977553479567818, 0.911044018164925, 0.7547999620437622]

Testing

 [0.4171619304690672, 0.18082965802725243, 0.1244139633157655, 1.1391851696307245, 1.0299388542836128, 0.7547999620437622]

 [0.4174900730423953, 0.17829385239266507, 0.12484961094476445, 1.140421065242718, 1.0300271842061826, 0.7547999620437622]

 [0.4176654199356942, 0.17758972369255904, 0.12788851515207764, 1.1384984730621395, 1.0281718153295958, 0.7547999620437622]

 [0.4171737688196742, 0.18139033157216466, 0.1272423593878098, 1.1366426567020624, 1.0280316921291144, 0.7547999620437622]

Testing

 [0.4223830329011316, 0.13728803629460543, 0.11763251457849275, 1.1715668404879778, 1.0404811002638028, 0.7547999620437622]

 [0.42188480607517387, 0.14081192473607623, 0.11556362581910039, 1.1709845823579994, 1.0413034578433018, 0.7547999620437622]

 [0.4218784075829646, 0.14022127899250178, 0.1128059479796186, 1.173508023513157, 1.0431368796037428, 0.7547999620437622]

 [0.42204990905912027, 0.13953833753627765, 0.1157948617121893, 1.171598913103504, 1.0413336375574378, 0.7547999620437622]

 [0.42237719715289446, 0.13669428997875555, 0.11488215241824155, 1.1740883087010487, 1.0423068937076174, 0.7547999620437622]

Testing

 [0.5144714280072114, -0.5494840230251177, 0.33327222326745115, 1.409723012653463, 1.0406380217826074, 0.7547999620437622]

 [0.5210527467452314, -0.6245511553417283, 0.25301061967909133, 1.5417118823985854, 1.0597190447601126, 0.7547999620437622]

Testing

 [0.4660111130109948, -0.1961367178019946, 0.19142716530507997, 1.3209870818030576, 1.041950596710262, 0.7547999620437622]

 [0.4851203533067651, -0.344576384591789, 0.21368360634943795, 1.39615068477376, 1.0486503754855823, 0.7547999620437622]

Testing

 [0.5154628488032714, -0.5706664652300432, 0.28511008672395965, 1.473498555669642, 1.0497726065552104, 0.7547999620437622]

 [0.5184006148592933, -0.593141233878028, 0.2895885850532163, 1.483368180188067, 1.0512994777042743, 0.7547999620437622]

Testing

 [0.43542325075877747, 0.03637777435259246, 0.13452496905239178, 1.2213597034893768, 1.043778194402466, 0.7547999620437622]

 [0.435432233935141, 0.03570237963349032, 0.13196725311187987, 1.2238292175608323, 1.0454031088417801, 0.7547999620437622]

 [0.43558835374272387, 0.03510418715279388, 0.13475620494548068, 1.2219740342348815, 1.0438083741166022, 0.7547999620437622]

 [0.43576281506568193, 0.03315313818570955, 0.13243460201754478, 1.2250565637571171, 1.0454583827256347, 0.7547999620437622]

 [0.43575345672667026, 0.03383059995299529, 0.13498744083856962, 1.222588364980386, 1.0438385538307382, 0.7547999620437622]

Testing

 [0.5179705636915953, -0.597205166461999, 0.26190904122250885, 1.5144975127409335, 1.056292434250531, 0.7547999620437622]

 [0.5200610033536087, -0.6169034309983861, 0.2516085729620966, 1.538029843809731, 1.059553223108549, 0.7547999620437622]

Testing

 [0.47373692411443463, -0.22318138642560528, 0.3329850317987249, 1.2136067987298187, 0.9815919982577148, 0.7547999620437622]

 [0.4752824290955196, -0.23564879390330096, 0.3325883174697747, 1.2213705733985356, 0.9841975885192338, 0.7547999620437622]

Testing

 [0.5165646713939698, -0.5815843571184972, 0.27764149576460984, 1.488221203205783, 1.0521216254061816, 0.7547999620437622]

 [0.5166681955576591, -0.5827806479798671, 0.2763128139348397, 1.4903592630066786, 1.0524649826522268, 0.7547999620437622]

 [0.5171528123740269, -0.5865424987060301, 0.2768675237087249, 1.4922397411428392, 1.0527004598105407, 0.7547999620437622]

 [0.5168873741089002, -0.5840901905544224, 0.27800642516104623, 1.4894761705912811, 1.0522836957228086, 0.7547999620437622]

Testing

 [0.4717782606281664, -0.20917258113318973, 0.32631035974846506, 1.2112723770389415, 0.9816274302509492, 0.7547999620437622]

 [0.47360417909920216, -0.22359986958276157, 0.3270660629978849, 1.2191888780009164, 0.9840950022095247, 0.7547999620437622]

Testing

 [0.43185818269848825, 0.11238079429604113, 0.33585132455918937, 1.0136086789891123, 0.9110198380425573, 0.7547999620437622]

 [0.43200846675783394, 0.11118885549949482, 0.335889914232539, 1.0142749638762325, 0.9112508967611939, 0.7547999620437622]

Testing

 [0.4169210716272178, 0.20426707109841316, 0.21720162832137682, 1.052723642309075, 0.9664901974084584, 0.7547999620437622]

 [0.416322489829491, 0.20271079134064443, 0.18975764738512224, 1.075002298174102, 0.9843931028955495, 0.7547999620437622]

Testing

 [0.4746220126569919, -0.1869022578243976, 0.5037873642956433, 1.034046300921751, 0.9123648891112078, 0.7547999620437622]

 [0.47488827431088554, -0.18998500239711416, 0.4999846695539663, 1.0393079932050213, 0.9145171782293398, 0.7547999620437622]

Testing

 [0.5014644443373317, -0.4730571055668406, 0.2270193262879595, 1.4670920016912177, 1.055850080056926, 0.7547999620437622]

 [0.5030360751307529, -0.4856174964376766, 0.2275401043203538, 1.4748215147010657, 1.0567066180900386, 0.7547999620437622]

Testing

 [0.4754637475004015, -0.23732467371838814, 0.33169310537657865, 1.223178558219629, 0.9848813021899727, 0.7547999620437622]

 [0.4791384590004125, -0.2666182333380794, 0.3321646327600288, 1.240181867737809, 0.9903797116503119, 0.7547999620437622]

Testing

 [0.435432233935141, 0.03570237963349032, 0.13196725311187987, 1.2238292175608323, 1.0454031088417801, 0.7547999620437622]

Testing

 [0.4159894196883492, 0.19677313676346903, 0.15257437057469203, 1.1074899590533713, 1.0093467391055564, 0.7547999620437622]

 [0.42344609709537545, 0.1389487993042997, 0.16141644168554037, 1.1362332018051782, 1.0126064863015452, 0.7547999620437622]

Testing

 [0.5042988310041635, -0.47960622105949924, 0.28928940630538147, 1.411265841004965, 1.03847270205455, 0.7547999620437622]

 [0.507168339262514, -0.5174830145349362, 0.23338196564116515, 1.4901633421546254, 1.0573975416382209, 0.7547999620437622]

Testing

 [0.5101981540639763, -0.4997535358714547, 0.3888927803414813, 1.3195477970693585, 1.027993665120119, 0.7547999620437622]

 [0.4917203218198341, -0.35789281381699056, 0.3684396922045752, 1.2595164150971434, 0.997585115413303, 0.7547999620437622]

Testing

 [0.45114116642705127, -0.03861752216623205, 0.34884255271182274, 1.09116932441197, 0.9361181795094972, 0.7547999620437622]

 [0.4554803646436852, -0.07307884457075725, 0.3497141394249933, 1.1105583373457193, 0.9430769737291596, 0.7547999620437622]

Testing

 [0.5128620518484841, -0.5452887533900692, 0.30138899783624096, 1.4405582980698217, 1.0441750115982216, 0.7547999620437622]

 [0.5162593203523884, -0.5875871543489073, 0.24623406054695016, 1.5239153625524562, 1.0589175734442213, 0.7547999620437622]

Testing

 [0.48747818874114235, -0.34804116021841763, 0.2749592219519874, 1.3425112832499586, 1.0251788051879924, 0.7547999620437622]

 [0.4919475266143032, -0.38316855512498676, 0.27810048240429275, 1.361501369062487, 1.028978579989432, 0.7547999620437622]

Testing

 [0.47629778326529526, -0.20645549036967364, 0.47931330845043385, 1.0678432968161675, 0.9259652553142412, 0.7547999620437622]

 [0.4301161681423369, 0.16786620239119815, 0.512884734508217, 0.8389662855831177, 0.7940500496036332, 0.7547999620437622]

 [0.4314607507800278, 0.10877738160577238, 0.307010548735574, 1.03893362977542, 0.9288160715936481, 0.7547999620437622]

 [0.4825635932207755, -0.29323392481057214, 0.3353185032982298, 1.253115494929902, 0.9943730090186, 0.7547999620437622]

Testing

 [0.5165438600726749, -0.5759823114854162, 0.2975779651376702, 1.4640185827956251, 1.0483643296846876, 0.7547999620437622]

 [0.5165409213336913, -0.5771159933140987, 0.2933464796793566, 1.4691455700920653, 1.0491077352679619, 0.7547999620437622]

Testing

 [0.47912795363237026, -0.2587803956252806, 0.36275153330193183, 1.2073042530121039, 0.9775795061781031, 0.7547999620437622]

Testing

 [0.47496008024510483, -0.2292294507248975, 0.34787865177515653, 1.203685809303399, 0.9768619645476018, 0.7547999620437622]

 [0.47240684567748203, -0.20897527613839054, 0.34724335508603277, 1.192353376219778, 0.9729123527670036, 0.7547999620437622]

Testing

 [0.47609694584880186, -0.2034712293792678, 0.4847259113897124, 1.0610443937065808, 0.9234476618339186, 0.7547999620437622]

 [0.43064948284917554, 0.1659757251770276, 0.5228554018072622, 0.8318651688973541, 0.7889068979964308, 0.7547999620437622]

 [0.4311448528107418, 0.11281047208113192, 0.3134203245104088, 1.0314022842227766, 0.9241950427141526, 0.7547999620437622]

 [0.4825446369531362, -0.2919286442075289, 0.3398432098235429, 1.248122603699322, 0.9925315008923897, 0.7547999620437622]

Testing

 [0.43567088183582475, 0.0788335471322922, 0.3228291011916514, 1.0438264261971673, 0.9256494239418079, 0.7547999620437622]

 [0.4370327236454772, 0.06805493852083126, 0.3232971169591031, 1.0497904366368185, 0.9276030851851986, 0.7547999620437622]

Testing

 [0.4241321232088882, 0.13965937083627541, 0.18808209478106025, 1.1148411426936156, 0.9957864682230613, 0.7547999620437622]

 [0.4236262894940117, 0.14009567242793983, 0.1725418295909185, 1.1267905961823366, 1.0054453742176133, 0.7547999620437622]

 [0.4255568265258942, 0.12352721362840384, 0.16797133215672702, 1.140592832778297, 1.0108614980469903, 0.7547999620437622]

 [0.4236262894940117, 0.14009567242793983, 0.1725418295909185, 1.1267905961823366, 1.0054453742176133, 0.7547999620437622]

Testing

 [0.5175735579074725, -0.5951268661564783, 0.2577221377894444, 1.5173692269007797, 1.056967810589982, 0.7547999620437622]

 [0.5185733882661747, -0.6054318444833726, 0.24950550288660453, 1.5325067859264496, 1.0593044906312032, 0.7547999620437622]

Testing

 [0.5153161810403285, -0.5726820849459213, 0.273298055745722, 1.486861807225353, 1.0521247933732103, 0.7547999620437622]

 [0.5183667151014442, -0.6030413298088166, 0.2521677436656319, 1.5282293510299338, 1.058612690594695, 0.7547999620437622]

Testing

 [0.4765815140177374, -0.2418532191340447, 0.34922840498944585, 1.2098755448935148, 0.9789598552032334, 0.7547999620437622]

 [0.4729791985452175, -0.2132714925951365, 0.34836077826289946, 1.1938689240659384, 0.9733534194229414, 0.7547999620437622]

Testing

 [0.47212278490562154, -0.2081961361164956, 0.3412723845332537, 1.1972727876642475, 0.9751982832473257, 0.7547999620437622]

 [0.473931821057492, -0.22253040739780536, 0.34180861740575536, 1.2052484768888225, 0.9778947047046993, 0.7547999620437622]

Testing

 [0.5182653271001966, -0.5975193014677168, 0.2695379306547566, 1.5069249027793337, 1.0549045406456066, 0.7547999620437622]

 [0.5206376496216525, -0.6186106060616389, 0.2625056227018712, 1.5280464664931692, 1.0576556084090438, 0.7547999620437622]

Testing

 [0.48232534369372804, -0.28973058298250415, 0.34158199697277386, 1.2451972518966574, 0.9914892148412764, 0.7547999620437622]

 [0.48292948123229584, -0.2945148745541582, 0.341775372622069, 1.2478518690873424, 0.992372765360481, 0.7547999620437622]

Testing

 [0.46619597027159254, -0.16557674242902304, 0.3219249020960769, 1.1891972044543566, 0.9751201867429621, 0.7547999620437622]

Testing

 [0.4332016488472405, 0.06054693536792436, 0.16129720043978127, 1.184875673695427, 1.0243191976213584, 0.7547999620437622]

 [0.43564115665853026, 0.04196014116042415, 0.16562150669086764, 1.1929699796596136, 1.024400607091982, 0.7547999620437622]

Testing

 [0.47643728047933265, -0.19635842004892132, 0.5225149848930659, 1.0202829009853303, 0.9112892162629768, 0.7547999620437622]

 [0.4767710297651913, -0.1995510169689584, 0.5203490225061693, 1.0240001483212995, 0.9130482305246203, 0.7547999620437622]

 [0.47677846014499664, -0.20047984305900804, 0.5170117279607297, 1.027782944292235, 0.9141726353890061, 0.7547999620437622]

 [0.4767710297651913, -0.1995510169689584, 0.5203490225061693, 1.0240001483212995, 0.9130482305246203, 0.7547999620437622]

Testing

 [0.48146336737534273, -0.305875722075934, 0.25045590478279023, 1.3384957583702128, 1.0289137201075969, 0.7547999620437622]

 [0.4813347385953302, -0.30511604809333853, 0.2493615853557181, 1.3390040557851772, 1.029262454951506, 0.7547999620437622]

Testing

 [0.5188711006720753, -0.600849783760698, 0.2752831052482614, 1.503206595632693, 1.0541890012343293, 0.7547999620437622]

 [0.5194164732681669, -0.6107467135328435, 0.2550833754703585, 1.5304001558632792, 1.0585136473863184, 0.7547999620437622]

Testing

 [0.5168491178297479, -0.5818416482991661, 0.2851362644109632, 1.4806847638491056, 1.0508735842727448, 0.7547999620437622]

 [0.5202262939188791, -0.6181780517222765, 0.25184224741492905, 1.5386435169078734, 1.0595808600504761, 0.7547999620437622]

Testing

 [0.5180755674304521, -0.5923472919501365, 0.28290325162648833, 1.4897964596262445, 1.0522245452682608, 0.7547999620437622]

 [0.5198957127883382, -0.6156288102744957, 0.25137489850926414, 1.5374161707115885, 1.0595255861666215, 0.7547999620437622]

Testing

 [0.4464521164139328, 0.010238424515979283, 0.3963349785645108, 1.0229293648821667, 0.900362997788369, 0.7547999620437622]

 [0.44387001523990993, 0.02976375992420008, 0.3918905260195733, 1.015506982534071, 0.8980298172945723, 0.7547999620437622]

Testing

 [0.42235957195253476, 0.1524898573386726, 0.18209331488515168, 1.1116822231986114, 0.9974837480870116, 0.7547999620437622]

 [0.42235656028775415, 0.15219350094279355, 0.18071691452515434, 1.112943286128828, 0.9983979161950233, 0.7547999620437622]

Testing

 [0.4381775893918846, 0.09890048096320875, 0.4918974867728336, 0.8936629310979144, 0.8259378657311849, 0.7547999620437622]

Testing

 [0.435770716364293, 0.0810490708919647, 0.3355843330551263, 1.0321645413241956, 0.9178309222440357, 0.7547999620437622]

 [0.4276503124638744, 0.14544167105594408, 0.3334346495811706, 0.9962029138984887, 0.905422406287297, 0.7547999620437622]